(0.7317002654075623, 0.02201703640796188)
0.7320504784584045
0.7419207096099854
0.7088235020637512
0.7544971108436584
0.7212095260620117
(0.7307972431182861, 0.02836006318065252)
0.7359817624092102
0.733211100101471
0.6932772994041443
0.7557236552238464
0.7357923984527588
(0.7258162379264832, 0.017863233823744412)
0.7299813628196716
0.716479480266571
0.7079831957817078
0.7457072734832764
0.728929877281189
(0.7337363600730896, 0.014758282851724225)
0.7239809632301331
0.7338986992835999
0.7216386795043945
0.7512264847755432
0.7379369735717773
