(0.8395470023155213, 0.015465304765535095)
0.8371611833572388
0.8271831274032593
0.8296218514442444
0.8573180437088013
0.8464508056640625
(0.8430168628692627, 0.0122284317446088)
0.8454376459121704
0.8340591192245483
0.831932783126831
0.8552739024162292
0.8483808636665344
(0.8407328724861145, 0.01949049492660054)
0.8441961407661438
0.836809515953064
0.8184874057769775
0.8622240424156189
0.8419472575187683
(0.8402800559997559, 0.00988798238569817)
0.8355059027671814
0.8347467184066772
0.8346638679504395
0.8528209328651428
0.8436628580093384
