(0.8288742195527325, 0.003981692282956322)
0.8246947707901405
0.8355276907001045
0.8295678876946699
0.8397948717948718
0.8278905560458959
0.8258497691984893
0.8258258258258259
0.8209982788296041
0.8320848938826467
0.8265076507650765

(0.8031789910158948, 0.030779067363513737)
0.7707901405206173
0.8143284957383091
0.8281501958074177
0.8193964524303156
0.783229670582815

(0.7928280734085847, 0.03534631491775291)
0.7707901405206173
0.8143284957383091
0.8281501958074177
0.8193964524303156
0.783229670582815
0.7410734853720341

(0.7657221838286109, 0.0)
0.7657221838286109
0.7657221838286109
0.7657221838286109
0.7657221838286109
0.7657221838286109
0.7657221838286109

(0.7567764723949936, 0.04395337903747318)
0.6825616217461414
0.8041925823542962
0.7811564155724487
0.7680258005067957
0.7636489288182446
0.7410734853720341

(0.7400368578668509, 0.03388250094529684)
0.6791061967288643
0.7677954388389772
0.7620363971435153
0.7544344621055057
0.742455655378945
0.7343929970052984

(0.7410734853720341, 0.026983430286162305)
0.6901635567841511
0.7606542271366045
0.7528219304307763
0.7514397604238655
0.7502879520847731
0.7410734853720341
