2 , 0.47454503570605844 , 4.1858316123262764e-17, 0.5330365206918214, 0.46696347930817855
3 , 0.4697074406818705 , 4.1858316123262764e-17, 0.6247372163002803, 0.2543683525404121, 0.12089443115930755
4 , 0.4692467173462337 , 8.371663224652553e-17, 0.582493672824036, 0.23716844787788205, 0.11271977944100817, 0.06761809985707386
5 , 0.4724717806956923 , 4.1858316123262764e-17, 0.5019426443807607, 0.23624009701268406, 0.12651641316291354, 0.08275971052472542, 0.05254113491891609
6 , 0.4731628656991476 , 4.1858316123262764e-17, 0.4877900118255939, 0.2295791381854778, 0.12294919223088545, 0.08042624118006556, 0.05105969996838214, 0.02819571660959507
7 , 0.4720110573600553 , 0.0, 0.4785673971826534, 0.22523850006215174, 0.12062459969496321, 0.07890562736758434, 0.05009431747763219, 0.02766262199395117, 0.018906936221063934
8 , 0.47178069569223685 , 4.1858316123262764e-17, 0.5409454364667425, 0.22025164484865795, 0.10467967830884504, 0.06279502121097452, 0.03660767527290602, 0.017768464199747567, 0.0112713584672901, 0.005680721224836235
9 , 0.4715503340244183 , 0.0, 0.4698590442088688, 0.22113990000418554, 0.11842962862578417, 0.07746980441187272, 0.04918276562277716, 0.027159253235609398, 0.01856289215279906, 0.010462705479106047, 0.0077340062589969375
10 , 0.470859249020963 , 4.1858316123262764e-17, 0.46775228910630534, 0.22014835239336789, 0.11789861357461623, 0.07712244511815768, 0.0489622398210168, 0.027037476511206596, 0.018479659812713586, 0.010415792775336646, 0.007699328503293611, 0.004483802383985455
11 , 0.47178069569223685 , 4.1858316123262764e-17, 0.4661336398152234, 0.21938653255236665, 0.11749062731411661, 0.0768555641343147, 0.04879280677574816, 0.026943913757571554, 0.01841571124645015, 0.010379749091564725, 0.007672685100548901, 0.00446828625778092, 0.0034604839543142495
12 , 0.4720110573600553 , 0.0, 0.5365303965798819, 0.21845401475206974, 0.10382531311055707, 0.06228250644575443, 0.036308894036183634, 0.017623443144226793, 0.011179364905906415, 0.005634356824465738, 0.0039223936768685835, 0.0020315966990906357, 0.0014980850097544602, 0.0007096348152405757
13 , 0.4715503340244183 , 0.0, 0.4646997311328903, 0.21871166117007135, 0.11712920557536212, 0.07661914296388962, 0.04864271155992508, 0.026861029561767866, 0.018359061294604045, 0.010347819166172275, 0.00764908257791855, 0.004454541026987086, 0.003449838899842097, 0.0018514853123055349, 0.001224689758263917
14 , 0.47131997235659984 , 0.0, 0.5361568441262778, 0.21830191892727432, 0.10375302605899496, 0.062239143044101886, 0.036283614431269394, 0.017611173046452166, 0.011171581415508702, 0.005630433975303913, 0.003919662760240214, 0.0020301822257702425, 0.0014970419871511973, 0.0007091407410408854, 0.0004305622242913905, 0.000265675036323013
15 , 0.4710896106887814 , 0.0, 0.4641219876517166, 0.2184397452896911, 0.11698358329403999, 0.07652388530090086, 0.04858223592882446, 0.026827634266512707, 0.018336236172760634, 0.010334954116620883, 0.007639572764807266, 0.004449002865745549, 0.003445549846498434, 0.0018491834311165263, 0.0012231671481204359, 0.0008119322006148, 0.0004313297220297132
16 , 0.470859249020963 , 4.1858316123262764e-17, 0.4639997704781654, 0.2183822235843059, 0.11695277802453266, 0.07650373427764087, 0.04856944277590928, 0.026820569749593893, 0.01833140769443479, 0.01033223261469956, 0.0076375610372528095, 0.004447831310486148, 0.003444642530372792, 0.001848696485920159, 0.0012228450516983658, 0.000811718394629787, 0.00043121614003850445, 0.00026332985031894636
17 , 0.47062888735314445 , 0.0, 0.4639303127440962, 0.2183495331922261, 0.1169352709577998, 0.07649228216844553, 0.04856217224766031, 0.02681655488554349, 0.018328663602473302, 0.010330685946983251, 0.007636417744267243, 0.004447165499199846, 0.0034441268898919336, 0.0018484197481347588, 0.0012226619997836347, 0.0008115968856896521, 0.0004311515897997654, 0.00026329043156084187, 0.0001496934664442581
18 , 0.470398525685326 , 0.0, 0.46389009443334905, 0.2183306043808227, 0.11692513379076296, 0.07648565102084792, 0.04855796237284625, 0.026814230147294713, 0.018327074683039846, 0.01032979037554216, 0.007635755740051957, 0.004446779972581307, 0.0034438283171063858, 0.0018482595078616725, 0.0012225560067089826, 0.0008115265280196084, 0.0004311142130899695, 0.0002632676068043651, 0.00014968048945568862, 8.669041381454823e-05
19 , 0.47016816401750744 , 4.1858316123262764e-17, 0.46386776006789937, 0.218320092676448, 0.11691950433519763, 0.07648196855702934, 0.04855562451029369, 0.026812939154396496, 0.01832619231113851, 0.010329293039391839, 0.00763538811038717, 0.004446565878746586, 0.003443662511193929, 0.0018481705219059892, 0.0012224971457566553, 0.0008114874564155392, 0.0004310934567459266, 0.0002632549315715255, 0.00014967328296690941, 8.668624003413066e-05, 4.814581248093054e-05
